1628 8
346 414
847 1649
1952 1615
1839 1102
1911 148
588 332
1291 308
1261 1956
1712 523
1877 1276
1495 1153
1090 991
103 904
241 1665
239 157
1662 1288
211 1777
1746 1197
1688 1187
166 1909
1313 1193
805 1640
368 1134
1062 871
840 1233
298 1753
1597 1682
1600 1571
810 256
926 1479
123 1550
1772 275
50 717
53 626
486 675
1975 784
185 689
622 1245
296 615
603 1170
1598 1240
745 342
1664 1562
1855 1339
501 942
17 170
1933 208
754 560
909 1648
1842 1983
781 1937
91 1412
821 673
1926 1414
1728 684
1605 1364
1423 1015
1407 72
627 1852
61 830
772 313
1804 489
912 1647
165 874
149 1990
669 1406
534 493
370 1252
1257 527
1200 1738
223 583
1995 1997
1601 590
739 1223
1079 1430
1999 1168
1014 216
1056 891
1094 1383
446 879
1902 1253
243 1608
322 20
1068 1118
1308 877
215 1856
481 734
115 379
395 1421
1143 1921
1323 706
328 354
286 1449
359 1641
563 44
1286 176
167 939
301 1988
1368 1145
88 408
1697 654
1847 1404
1732 1473
244 334
74 723
641 1658
825 971
203 667
372 1668
1442 1832
325 853
817 1823
213 1177
731 249
1750 1820
458 978
417 975
1247 1332
1315 1146
1122 1312
608 1611
691 566
521 795
120 1346
1889 1470
572 540
1736 302
177 899
1957 36
1382 178
101 1621
1529 1438
796 1486
1011 1917
844 531
220 900
504 1008
138 197
460 84
653 715
1958 1012
1744 1217
1638 485
1920 1779
251 1115
1634 1508
1701 1144
807 514
698 316
1954 1454
1760 73
1941 1735
594 631
1124 1294
1326 1063
604 1306
1927 642
1452 109
1781 1515
1831 1963
857 1052
1659 573
545 423
1879 979
1864 1974
662 300
1629 1678
1138 733
1561 696
601 1991
1881 1053
397 752
829 1716
1466 303
1101 839
1530 813
360 770
1265 311
569 1503
43 1076
611 56
99 1518
288 1848
1756 1880
1905 1890
1026 996
429 419
964 911
741 1293
369 818
455 409
1885 1651
267 1061
1602 192
1955 1269
940 533
153 199
735 557
1285 1324
1476 137
1533 546
1110 86
1227 1369
1627 29
852 1156
37 1767
261 1493
1757 1235
1445 327
963 160
445 1959
764 1081
1554 1083
1869 881
1891 1931
1790 617
1046 1525
925 292
1325 932
436 482
258 207
1654 787
1104 163
289 762
1874 1195
90 1133
1123 1481
1507 113
1669 1914
1215 1511
71 456
1795 1939
913 692
416 1355
1456 1971
339 1698
1319 1422
1331 1784
862 340
1472 1477
517 1579
82 1780
310 1255
1837 980
923 1314
541 1961
1 1054
1633 1808
897 54
1689 1552
967 1940
1724 841
908 1460
320 182
1030 1994
361 1560
66 1918
1431 76
284 1361
242 195
867 280
681 1488
502 520
1775 336
1125 884
1872 1002
555 876
1309 1730
636 1021
1978 921
983 587
826 565
1585 472
902 453
1436 761
1005 1043
1776 584
1818 363
1618 1715
1272 593
128 1805
75 1519
936 729
1910 351
756 812
133 518
797 1828
1435 1612
463 1846
224 848
643 1360
609 16
1347 1484
1003 1196
613 144
451 1244
1946 265
726 868
448 917
1356 1731
1764 1816
1797 168
1017 1992
392 1522
1267 596
1945 1979
1345 567
1075 1666
1135 464
319 175
1592 1425
1739 792
136 1203
937 1147
1055 1656
634 1365
708 1399
19 693
666 1573
568 1903
1415 1085
620 1304
875 2000
1040 465
1209 712
1001 610
494 1263
1677 1542
525 863
1635 721
612 391
1631 41
427 505
628 1166
1039 186
1713 1616
749 1858
1556 718
1295 366
1976 253
1553 1251
1768 306
269 1527
1770 1704
5 1672
478 1330
324 388
1329 1513
235 1492
1717 333
1158 1029
1385 1119
57 1080
89 1468
290 882
1188 48
1132 1037
1204 1487
1578 757
102 802
96 997
1216 1161
1116 1113
1710 866
889 1176
709 1344
1696 92
1849 819
903 1853
356 1259
1031 1072
1464 1398
595 1069
1367 1264
139 58
499 1544
750 399
294 1010
1086 1630
121 492
860 519
1129 1164
1693 1502
421 262
959 553
1537 1489
992 637
377 974
1182 725
1650 1371
798 257
471 198
112 1938
1121 1378
580 1462
943 1802
1311 1181
885 1973
1173 6
1201 915
1117 1184
995 159
1214 1424
1139 1532
1908 1967
638 956
607 1547
685 344
777 80
1551 1073
1778 1159
581 385
1211 1969
623 111
1287 1386
1763 1174
878 1109
832 381
898 1357
260 498
1262 214
1901 1671
1791 206
1395 687
1400 183
1993 1183
606 896
1206 108
142 181
1335 753
1320 1711
1900 402
125 1558
1020 719
1084 487
1151 1401
1047 630
846 1490
916 1379
1409 415
928 1171
851 599
655 1574
1792 1685
811 246
1353 771
1343 1148
1617 1984
536 1328
1070 1643
1985 1593
906 823
250 45
513 1829
1761 291
1782 1050
953 1366
887 140
549 497
707 1019
858 1045
1789 67
196 1667
162 1966
1851 961
1327 759
775 1536
287 1249
94 394
1482 658
890 11
1884 77
656 1762
64 457
1878 1338
747 272
1799 1391
1915 1765
664 1673
1548 1179
1523 960
1922 1989
95 1865
1155 1352
1580 1642
1719 1220
1388 1298
919 570
47 1392
407 503
1499 1919
1860 516
1854 1572
511 431
1645 1427
270 2
888 1686
582 1271
484 550
1720 1563
434 441
1742 209
430 1060
1786 282
400 1393
824 1417
110 530
105 1841
809 277
1467 1587
695 1099
384 946
746 413
804 538
1567 1120
1009 1705
1194 947
1875 1239
69 40
447 986
577 1850
1882 210
1824 500
1655 786
1871 1726
433 1105
790 1150
766 1695
1576 1340
1660 1867
507 194
1316 13
321 510
1250 952
1980 1172
100 1207
571 135
1432 143
850 910
1494 969
1497 1838
1727 9
1277 68
1389 1866
1517 141
592 1809
938 227
827 1131
1951 966
15 1559
174 1644
1606 1157
1684 1681
1376 1023
479 1443
202 65
1769 586
935 958
1873 828
578 341
927 1033
742 426
1534 1065
104 1071
156 1702
63 564
1906 1283
1755 81
355 1381
1694 240
1812 989
732 1175
1426 1557
1661 1787
869 1843
1096 1447
700 755
496 778
1721 1418
1886 1589
663 1491
1741 1280
443 1463
836 173
435 190
1088 1231
1535 1821
1622 127
508 674
767 1912
905 740
1639 1740
1048 309
38 738
1982 652
1819 387
83 954
1305 776
1410 1936
1913 1448
23 1863
1433 1154
1439 221
624 281
591 1225
462 404
542 1538
1458 1169
1351 1370
1218 1350
1051 1588
987 27
1708 1929
1675 1022
401 1703
1566 147
768 1986
491 650
475 467
476 948
713 1237
10 1299
1509 12
338 28
1336 1725
1793 1964
1830 1714
1948 1844
648 1243
744 449
231 1342
1904 1785
304 1066
782 442
962 396
1876 158
1450 85
930 1653
364 1112
79 1620
1924 619
676 285
378 1390
688 1087
1521 226
1429 780
318 639
1690 1674
1632 864
1840 843
461 78
1292 330
264 1570
116 1718
93 1300
532 657
1097 835
245 1549
834 1373
155 179
1091 865
1827 1451
263 375
934 1888
1868 1709
454 842
1032 1013
1396 1737
1036 438
1942 1226
1278 1504
1230 1751
803 1478
1857 901
924 490
720 32
614 55
1928 411
150 1333
122 678
1723 1165
172 1699
600 1258
470 1773
1275 1943
1541 972
690 468
432 1191
1246 625
893 941
200 598
1743 1752
21 1599
1925 743
1834 671
205 543
1950 193
145 373
929 548
1524 1475
107 984
1932 716
632 1594
238 788
998 822
201 35
1896 1248
444 711
180 1416
883 1498
524 1859
383 247
1729 33
1528 1555
1501 665
1334 918
1459 374
1140 670
585 529
1953 119
1190 1800
1260 473
1916 1058
276 1469
1440 1676
621 233
1362 1607
1564 1380
406 1446
646 348
702 1747
660 1500
629 574
24 98
218 14
466 704
428 1575
305 1862
232 1044
1114 870
297 635
1814 1149
970 347
1514 1236
1595 1224
880 1734
736 895
1136 994
1457 1496
114 1273
131 25
1835 705
1103 191
60 254
1279 1377
1006 315
31 816
1758 710
1038 873
644 1759
1892 353
42 535
647 1596
1232 1290
1520 1670
1483 1127
651 559
1706 236
1998 554
1923 1241
278 512
1977 1108
845 439
326 1152
1199 892
1111 312
1180 965
350 1970
1870 259
1106 748
1748 273
1349 1947
154 957
1687 252
815 1471
266 773
944 1219
558 1384
1374 758
985 945
1825 730
1270 1162
760 130
856 769
724 699
106 1798
1996 551
1899 1657
1387 1107
981 1411
1794 229
329 1603
1238 279
1506 424
314 949
293 152
1962 30
1434 1256
1803 1861
418 234
522 129
988 151
1025 1092
999 358
679 1749
1895 222
39 1505
793 1783
728 765
410 420
1100 474
1035 526
3 1186
1810 488
1337 537
602 1098
97 886
295 799
1894 552
714 1403
1394 1707
1064 1301
791 1987
59 968
1474 403
680 1944
1583 1018
1774 1302
1028 51
1590 1582
763 682
1788 376
1296 1142
1893 515
1815 1202
1303 362
1163 1057
973 1242
62 1130
495 1192
1363 118
126 794
1375 1095
132 854
1480 317
579 217
837 990
677 1883
440 4
1465 386
1836 1274
1266 1027
562 483
365 1229
1930 117
1093 1167
393 683
1539 976
1646 343
357 1284
225 1198
1297 164
255 422
801 425
1968 931
1766 459
1960 950
1281 833
389 331
977 337
248 219
1679 1692
1254 1691
605 1042
1811 1016
1041 1222
1077 556
1897 380
1178 576
1949 169
806 649
1577 1189
774 633
1321 1420
146 52
230 1604
1610 645
1213 1228
1817 661
187 1626
469 184
188 1663
1584 335
1059 597
124 1067
1609 371
1441 161
1205 861
299 189
1405 1733
1565 1935
1128 914
1722 1185
907 171
87 820
1126 477
1024 1807
1614 1652
323 933
349 703
1234 1806
1624 694
831 1531
22 1965
352 575
1833 1754
46 1372
1034 412
1082 1822
437 855
872 1413
1826 1408
737 70
920 1322
894 544
1771 640
1569 1934
390 808
1568 1680
1221 800
955 1453
405 1397
1613 1004
283 993
686 1341
212 838
1268 1428
814 1683
274 1546
1307 1049
1354 1078
779 1461
1700 1972
34 26
1512 785
1586 1591
722 616
1444 528
1419 1625
450 1359
1289 589
951 547
367 1540
1348 398
697 1516
727 618
1317 1981
1160 1437
561 751
659 1887
1619 1543
1526 228
1402 1210
204 509
1208 539
345 1745
382 1137
1845 672
1141 1545
1637 1485
1636 1318
859 1007
1510 849
1907 1898
783 1358
268 49
1310 1801
1000 271
1796 134
1623 7
1074 701
452 1455
506 480
1282 237
1813 1581
982 789
1089 922
1212 307
18 668
